这里是平均的校验块数和对应的校验时间。
0.1		38		4316.3775
0.2		81		7999.1391
0.3		124		11796.5132
0.4		168		15644.5743
0.5		211		19511.8431
0.6		254		24106.3922
0.7		297		26933.7843
0.8		340		30936.3137
0.9		384		35252.6078
1		427		38897.4902

下面是根据以上数据在matlab中拟合的一次函数的系数。
p = [89.2 	809.44]	
即 timeStd = 89.2 * n + 809.44;


//以下的数据作废了。
0.1 	21		2429.85
0.2		45		4877.47
0.3		69		6947.69
0.4		93		9343.69
0.5		117		11685.13
0.6		141		14032.45
0.7		165		15997.44
0.8		189		18318.19
0.9		213		20444.29
1.0		237		22691.41

96.2524    	419.6057

93.5563		608.0015		//暂时决定用这个，因为这个拟合度相对上边的比较高。